2 18 16 23 9 
1 15 10 3 12 
19 17 0 20 -1 
6 24 8 5 13 
14 21 22 11 4 
12 5 13 11 10 
1 24 23 3 6 
-1 15 4 22 0 
19 9 14 8 16 
18 2 21 20 17 
2 18 16 23 9 
1 -1 10 3 12 
19 17 0 0 -1 
6 24 8 5 13 
14 21 22 11 4 
12 5 13 11 10 
1 24 23 3 6 
-1 -1 4 22 0 
19 9 14 8 16 
18 2 21 0 17 
2 18 16 23 9 
1 -1 10 3 12 
19 0 0 0 -1 
6 24 8 5 13 
14 21 22 11 -1 
12 5 13 11 10 
1 24 23 3 6 
-1 -1 -1 22 0 
19 9 14 8 16 
18 2 21 0 0 
2 18 16 23 9 
1 -1 10 3 12 
0 0 0 0 -1 
6 24 8 5 13 
14 21 -1 11 -1 
12 5 13 11 10 
1 24 23 3 6 
-1 -1 -1 -1 0 
0 9 14 8 16 
18 2 21 0 0 
2 -1 16 23 9 
1 -1 10 3 12 
0 0 0 0 -1 
6 24 8 0 13 
14 21 -1 11 -1 
12 0 13 11 10 
1 24 23 3 6 
-1 -1 -1 -1 0 
0 9 14 8 16 
-1 2 21 0 0 
-1 -1 16 23 9 
1 -1 0 3 12 
0 0 0 0 -1 
6 24 8 0 13 
14 21 -1 11 -1 
12 0 13 11 0 
1 24 23 3 6 
-1 -1 -1 -1 0 
0 9 14 8 16 
-1 -1 21 0 0 
